	A	R	N	D	C	Q	E	G	H	I	L	K	M	F	P	S	T	W	Y	V
A	-1.0730717	0.03305804	0.01854238	0.03773864	0.043227036	0.035774086	0.062299687	0.12188575	0.013316184	0.02059864	0.0318059	0.038026262	0.022627855	0.010410737	0.081636526	0.25521827	0.082564704	0.0028145951	0.008454155	0.15307228
R	0.043588325	-0.6603324	0.023039702	0.016585834	0.0039516008	0.044605188	0.04239946	0.01797926	0.03447935	0.005208579	0.0262202	0.28988466	0.0041070385	0.00040346623	0.016873075	0.02696545	0.033320893	0.00787926	0.014560509	0.008280495
N	0.042305987	0.0398676	-1.1269789	0.248748	0.013279921	0.06870851	0.047812413	0.11332293	0.10593565	0.0058202352	0.013319548	0.10792275	0.011247867	0.00223605	0.020049714	0.15859507	0.08870606	0.0012371971	0.021882178	0.015981264
D	0.04524057	0.015079468	0.13069685	-0.7145139	0.002734957	0.018557252	0.30572122	0.0488353	0.013130959	0.0019310158	0.001538253	0.029374404	3.368552e-05	0.0019501306	0.017539803	0.0488944	0.029671418	0.0006808702	0.0028071536	9.625091e-05
C	0.28276572	0.019604297	0.038074173	0.014923819	-1.1108363	1.3067753e-05	1.8689503e-05	0.04056239	0.011087475	0.032141317	0.07352367	0.00882859	0.025894474	0.042291854	0.0046330276	0.18289593	0.11386482	0.0036109032	0.029960698	0.18614145
Q	0.09230112	0.0872832	0.0776985	0.039940204	5.1542806e-06	-1.2762702	0.32961643	0.016838042	0.089967206	0.013945773	0.06595853	0.21880773	0.059304357	0.014310189	0.026392665	0.07470555	0.04170796	0.0052975332	0.011029023	0.011161024
E	0.061797556	0.031897202	0.020786902	0.25297013	2.8340787e-06	0.12672313	-0.73908216	0.024517113	0.015870975	0.0016968942	0.007184805	0.07901312	0.0049139955	0.00032097666	0.024746414	0.034214478	0.027722362	0.0018796038	0.0041343668	0.018689273
G	0.15516807	0.017359134	0.06323111	0.051861066	0.007894082	0.008308116	0.031465404	-0.48580134	0.009357686	0.0016099404	0.005033631	0.022189183	0.0017073727	0.0012672367	0.011433645	0.086769626	0.006514334	0.0025010216	0.0018073199	0.00032334332
H	0.04310249	0.08464251	0.15028942	0.035454977	0.0054863556	0.11286736	0.051789388	0.023792587	-0.9310783	0.0013941557	0.041699443	0.066472225	0.013071586	0.04257774	0.021699447	0.029077793	0.0281129	0.006333655	0.15685998	0.016354311
I	0.027893297	0.005349182	0.0034543432	0.0021812492	0.0066535533	0.0073192306	0.002316491	0.001712465	0.00058324356	-1.4131862	0.39041334	0.0058223335	0.09282695	0.039330125	0.007584563	0.000114787545	0.037674483	0.0009335628	0.004481637	0.7765414
L	0.028914928	0.01807829	0.005307226	0.001166542	0.010218104	0.023240577	0.006584821	0.0035945657	0.011711758	0.26210648	-0.83386683	0.009382348	0.15765895	0.07957071	0.009637374	0.0064755008	0.02479666	0.0041452874	0.013358676	0.15791808
K	0.05070578	0.29316077	0.063074015	0.032673907	0.001799674	0.113083184	0.106215425	0.023241587	0.027383653	0.005733365	0.013761662	-0.88417685	0.0118256705	0.0034626073	0.025871007	0.04471009	0.041054808	3.6105089e-06	0.0054407786	0.02097531
M	0.07592343	0.010451245	0.016541172	9.42831e-05	0.013282144	0.077122405	0.016621942	0.004499988	0.013549963	0.2300092	0.58188426	0.029756673	-1.4002888	0.09888581	0.0037203697	0.023645252	0.06942789	0.013985522	0.011484922	0.109402314
F	0.02276295	0.00066905393	0.0021428526	0.003556878	0.014136194	0.012127018	0.0007075141	0.0021764839	0.028761208	0.06350548	0.19137532	0.0056777536	0.06443898	-0.8628121	0.002097555	0.016552487	0.005344411	0.049482293	0.3348345	0.042463224
P	0.10832811	0.016980786	0.011660804	0.019415097	0.0009398321	0.0135738	0.033104233	0.011917688	0.008895753	0.0074323467	0.014066983	0.025745194	0.0014713308	0.001272984	-0.36518872	0.05036811	0.01946934	0.0012733293	0.005167088	0.014105888
S	0.43465638	0.034829624	0.118382536	0.069462694	0.04761755	0.049311552	0.058743358	0.11607872	0.015299356	0.00014436695	0.012130905	0.05710393	0.0120017845	0.012892894	0.064644754	-1.5277005	0.4093747	0.00037125414	0.008690246	0.0059637967
T	0.13783138	0.042186856	0.06490388	0.04131903	0.029058415	0.02698573	0.046655033	0.008542291	0.014498956	0.04644508	0.04553365	0.051397722	0.034542616	0.004080434	0.024493352	0.40127343	-1.2016578	0.0012421386	0.012796512	0.16787131
W	0.01732579	0.036784884	0.003337949	0.0034962273	0.0033979868	0.012638991	0.0116642825	0.01209331	0.012045061	0.004243844	0.02806838	1.6667549e-05	0.025658036	0.13930923	0.005906922	0.0013418815	0.0045802956	-0.4858559	0.15776475	0.006181466
Y	0.018442718	0.024090072	0.020922275	0.0051083313	0.009991608	0.009325096	0.009092394	0.003096994	0.10571688	0.007219882	0.032055587	0.008901064	0.007467072	0.33407024	0.008494619	0.011131471	0.01672217	0.055909745	-0.7100624	0.022304192
V	0.16200219	0.006646415	0.0074130874	8.497425e-05	0.030115915	0.0045781485	0.01994028	0.0002688059	0.0053472924	0.60691476	0.18384074	0.016647877	0.03450789	0.020553706	0.011250402	0.0037060634	0.106425844	0.0010627684	0.0108207185	-1.2321278
